<?xml version="1.0" encoding="UTF-8" standalone="no" ?>
<SimscapeMultibodyImportXML version="2.0" xmlns="urn:mathworks:SimscapeMultibody:import" xmlns:xsi="http://www.w3.org/2001/XMLSchema-instance">
<Created by="" on="06/10/25||00:38:01" using="Simscape Multibody Link Version 6.1" from="SolidWorks 28.0.0"/>
<ModelUnits mass="kilogram" length="millimeter"/>
<DataUnits mass="kilogram" length="meter"/>
<RootAssembly name="Assem1" uid="Assem1" version="216">
<AssemblyFile name="Assem1.SLDASM" type="SolidWorks Assembly"/>
<InstanceTree>
<Instance name="Part3-1" uid="Part3-1" entityUid="Part3*:*Default">
<Transform>
<Rotation>0.45016609308524347 -0.88235668713654114 -0.13710275453759579 -0.0623073906041966 0.12212679631388157 -0.99055683062518107 0.89076836366839174 0.45445761330132423 -3.9883790260926809e-15</Rotation>
<Translation>-0.26893718613711953 0.30493831770397506 0.5885487893685194</Translation>
</Transform>
</Instance>
<Instance name="Part2-1" uid="Part2-1" entityUid="Part2*:*Default">
<Transform>
<Rotation>-0.99055683062518107 -0.13710275453759596 7.395713032513392e-15 0.13710275453759596 -0.99055683062518107 -9.9035416704254138e-16 7.4616543459691315e-15 0 1</Rotation>
<Translation>-0.11655544214327469 0.28384719380590134 0.58477301697280737</Translation>
</Transform>
</Instance>
<Instance name="Part4-1" uid="Part4-1" entityUid="Part4*:*Default">
<Transform>
<Rotation>-0.99014024936126754 0.028724924595361322 -0.13710275453760296 0.13704509561586795 -0.0039758105382196526 -0.99055683062518007 -0.028998764843437948 -0.99957944738652726 -3.9307337398318756e-15</Rotation>
<Translation>-0.11137905355728384 0.28313073099250857 0.90031771665245575</Translation>
</Transform>
</Instance>
<Instance name="Part5-1" uid="Part5-1" entityUid="Part5*:*Default">
<Transform>
<Rotation>-0.99014024936126799 0.028724924595367459 -0.13710275453759654 0.13704509561586151 -0.0039758105382205504 -0.99055683062518096 -0.028998764843444141 -0.99957944738652693 -3.6923589186166339e-15</Rotation>
<Translation>-0.46517725559683676 0.33209986284883747 0.88995584027221875</Translation>
</Transform>
</Instance>
<Instance name="Part6-1" uid="Part6-1" entityUid="Part6*:*Default">
<Transform>
<Rotation>-0.87836931184543543 0.45789757228705574 -0.13710275453759832 0.12157490457089316 -0.063377502951561318 -0.99055683062518085 -0.46226279818600435 -0.8867429759593507 2.5082774585932191e-15</Rotation>
<Translation>-0.46517725559683715 0.33209986284883686 0.88995584027221863</Translation>
</Transform>
</Instance>
<Instance name="Part1-1" uid="Part1-1" grounded="true" entityUid="Part1*:*Default">
<Transform>
<Rotation>1 0 0 0 1 0 0 0 1</Rotation>
<Translation>-0.12035366154334243 0.28437290452333902 0.34854878936852085</Translation>
</Transform>
</Instance>
</InstanceTree>
<Constraints>
<Coincident name="Coincident1">
<ConstraintGeometry geomType="plane">
<InstancePath>
<Uid>Part1-1</Uid>
</InstancePath>
<Position>0 -2.7755575615628914e-16 0.07999999999999996</Position>
<Axis>0 -3.4914813388431334e-15 1</Axis>
</ConstraintGeometry>
<ConstraintGeometry geomType="plane">
<InstancePath>
<Uid>Part2-1</Uid>
</InstancePath>
<Position>0.0038344285583991888 -5.5511151231257827e-16 -0.15622422760428817</Position>
<Axis>-6.9829626776862659e-15 -3.4914813388431334e-15 -1</Axis>
</ConstraintGeometry>
</Coincident>
<Concentric name="Concentric9">
<ConstraintGeometry geomType="cylinder">
<InstancePath>
<Uid>Part1-1</Uid>
</InstancePath>
<Position>0 -3.3306690738754696e-16 0.099999999999999978</Position>
<Axis>0 3.4914813388431334e-15 -1</Axis>
</ConstraintGeometry>
<ConstraintGeometry geomType="cylinder">
<InstancePath>
<Uid>Part2-1</Uid>
</InstancePath>
<Position>0.0038344285583993554 -4.9960036108132044e-16 -0.13622422760428815</Position>
<Axis>-6.9829626776862659e-15 -3.4914813388431334e-15 -1</Axis>
</ConstraintGeometry>
</Concentric>
<Coincident name="Coincident2">
<ConstraintGeometry geomType="plane">
<InstancePath>
<Uid>Part2-1</Uid>
</InstancePath>
<Position>0.081334428558399757 -0.02000000000000024 -0.074224227604288706</Position>
<Axis>0 -1 3.4914813388431334e-15</Axis>
</ConstraintGeometry>
<ConstraintGeometry geomType="plane">
<InstancePath>
<Uid>Part3-1</Uid>
</InstancePath>
<Position>0 2.4424906541753444e-15 -0.020000000000000018</Position>
<Axis>0 -3.4634626505087628e-15 1</Axis>
</ConstraintGeometry>
</Coincident>
<Concentric name="Concentric10">
<ConstraintGeometry geomType="cylinder">
<InstancePath>
<Uid>Part2-1</Uid>
</InstancePath>
<Position>0.15383442855840035 0 0.003775772395710808</Position>
<Axis>0 -1 3.4914813388431334e-15</Axis>
</ConstraintGeometry>
<ConstraintGeometry geomType="cylinder">
<InstancePath>
<Uid>Part3-1</Uid>
</InstancePath>
<Position>0 0 0</Position>
<Axis>0 0 -1.0000000000000002</Axis>
</ConstraintGeometry>
</Concentric>
<Coincident name="Coincident4">
<ConstraintGeometry geomType="plane">
<InstancePath>
<Uid>Part3-1</Uid>
</InstancePath>
<Position>0 2.4424906541753444e-15 -0.020000000000000018</Position>
<Axis>0 -3.4634626505087628e-15 1</Axis>
</ConstraintGeometry>
<ConstraintGeometry geomType="plane">
<InstancePath>
<Uid>Part4-1</Uid>
</InstancePath>
<Position>1.2490009027033011e-16 0 -0.020000000000000018</Position>
<Axis>6.9418019543557552e-15 0 -1</Axis>
</ConstraintGeometry>
</Coincident>
<Coincident name="Coincident8">
<ConstraintGeometry geomType="plane">
<InstancePath>
<Uid>Part4-1</Uid>
</InstancePath>
<Position>0.22499999999999976 0.010000000000001563 0.038000000000001616</Position>
<Axis>1.0000000000000004 6.987466161234579e-15 6.9973691760595495e-15</Axis>
</ConstraintGeometry>
<ConstraintGeometry geomType="plane">
<InstancePath>
<Uid>Part5-1</Uid>
</InstancePath>
<Position>-0.1323213009649748 -1.1102230246251565e-16 0</Position>
<Axis>-1 0 0</Axis>
</ConstraintGeometry>
</Coincident>
<Concentric name="Concentric14">
<ConstraintGeometry geomType="cylinder">
<InstancePath>
<Uid>Part4-1</Uid>
</InstancePath>
<Position>0.22500000000000009 1.6653345369377348e-15 1.609823385706477e-15</Position>
<Axis>-1.0000000000000004 -6.987466161234579e-15 -6.9973691760595495e-15</Axis>
</ConstraintGeometry>
<ConstraintGeometry geomType="cylinder">
<InstancePath>
<Uid>Part5-1</Uid>
</InstancePath>
<Position>-0.15232130096497487 0 0</Position>
<Axis>1 0 0</Axis>
</ConstraintGeometry>
</Concentric>
<Parallel name="Parallel2">
<ConstraintGeometry geomType="plane">
<InstancePath>
<Uid>Part4-1</Uid>
</InstancePath>
<Position>0.22500000000000003 0.030000000000001692 -0.011999999999998345</Position>
<Axis>-6.9770578203787181e-15 1.0000000000000002 0</Axis>
</ConstraintGeometry>
<ConstraintGeometry geomType="plane">
<InstancePath>
<Uid>Part5-1</Uid>
</InstancePath>
<Position>-0.12932130096497479 0.02750000000000008 -0.027500000000000024</Position>
<Axis>0 1 0</Axis>
</ConstraintGeometry>
</Parallel>
<Concentric name="Concentric15">
<ConstraintGeometry geomType="cylinder">
<InstancePath>
<Uid>Part3-1</Uid>
</InstancePath>
<Position>0.35000000000000009 -1.1102230246251565e-16 -1.1102230246251565e-16</Position>
<Axis>0 3.4634626505087628e-15 -1</Axis>
</ConstraintGeometry>
<ConstraintGeometry geomType="cylinder">
<InstancePath>
<Uid>Part4-1</Uid>
</InstancePath>
<Position>0 0 0</Position>
<Axis>6.9418019543557552e-15 0 -1</Axis>
</ConstraintGeometry>
</Concentric>
<Coincident name="Coincident10">
<ConstraintGeometry geomType="plane">
<InstancePath>
<Uid>Part5-1</Uid>
</InstancePath>
<Position>-0.13232130096497485 0 -0.012499999999999956</Position>
<Axis>0 0 1.0000000000000002</Axis>
</ConstraintGeometry>
<ConstraintGeometry geomType="plane">
<InstancePath>
<Uid>Part6-1</Uid>
</InstancePath>
<Position>-0.02000000000000024 0.022499999999999742 -0.012500000000000122</Position>
<Axis>0 -7.104536078250028e-15 -1.0000000000000002</Axis>
</ConstraintGeometry>
</Coincident>
<Concentric name="Concentric16">
<ConstraintGeometry geomType="cylinder">
<InstancePath>
<Uid>Part5-1</Uid>
</InstancePath>
<Position>0 0 -0.02250000000000002</Position>
<Axis>0 0 1.0000000000000002</Axis>
</ConstraintGeometry>
<ConstraintGeometry geomType="cylinder">
<InstancePath>
<Uid>Part6-1</Uid>
</InstancePath>
<Position>0 -2.2204460492503131e-16 -0.02250000000000002</Position>
<Axis>0 6.8810312743694409e-15 1.0000000000000002</Axis>
</ConstraintGeometry>
</Concentric>
</Constraints>
</RootAssembly>
<Assemblies>
</Assemblies>
<Parts>
<Part name="Part1" uid="Part1*:*Default" version="234">
<ModelUnits mass="kilogram" length="millimeter"/>
<PartFile name="Part1.SLDPRT" type="SolidWorks Part"/>
<MassProperties>
<Mass>21.265207729440611</Mass>
<CenterOfMass>0.00012458060021776907 0.00012458060021764639 0.036166996010103085</CenterOfMass>
<Inertia>0.13106489208371891 0.13106489208371874 0.24129956498363125 -5.6511054121926397e-05 -5.6511054121531816e-05 2.6903749305839968e-07</Inertia>
</MassProperties>
<GeometryFile name="Part1_Default_sldprt.STEP" type="STEP"/>
<VisualProperties>
<Ambient r="1" g="0.94901960784313721" b="0.89803921568627454" a="1"/>
<Diffuse r="1" g="0.94901960784313721" b="0.89803921568627454" a="1"/>
<Specular r="0.0099999997764825821" g="0.0094901958663089602" b="0.0089803919561353383" a="1"/>
<Emissive r="0" g="0" b="0" a="1"/>
<Shininess>1</Shininess>
</VisualProperties>
</Part>
<Part name="Part2" uid="Part2*:*Default" version="458">
<ModelUnits mass="kilogram" length="millimeter"/>
<PartFile name="Part2.SLDPRT" type="SolidWorks Part"/>
<MassProperties>
<Mass>9.0967212861407756</Mass>
<CenterOfMass>0.061719984494038246 0.0028173345906665455 -0.073723768777813656</CenterOfMass>
<Inertia>0.047189721563482917 0.093492327864720282 0.063778286615628121 -0.0016456886131436027 -0.035993601146095074 -0.0018669080496434712</Inertia>
</MassProperties>
<GeometryFile name="Part2_Default_sldprt.STEP" type="STEP"/>
<VisualProperties>
<Ambient r="1" g="0.94901960784313721" b="0.89803921568627454" a="1"/>
<Diffuse r="1" g="0.94901960784313721" b="0.89803921568627454" a="1"/>
<Specular r="0.0099999997764825821" g="0.0094901958663089602" b="0.0089803919561353383" a="1"/>
<Emissive r="0" g="0" b="0" a="1"/>
<Shininess>1</Shininess>
</VisualProperties>
</Part>
<Part name="Part3" uid="Part3*:*Default" version="242">
<ModelUnits mass="kilogram" length="millimeter"/>
<PartFile name="Part3.SLDPRT" type="SolidWorks Part"/>
<MassProperties>
<Mass>3.6250899261879055</Mass>
<CenterOfMass>0.14078964883560419 -0.0081129899368181813 -0.035326616919933086</CenterOfMass>
<Inertia>0.002419816999377059 0.06962125874499564 0.070940216978115228 0.00012356847629864512 -0.00023654903932673833 0.00066723016106240624</Inertia>
</MassProperties>
<GeometryFile name="Part3_Default_sldprt.STEP" type="STEP"/>
<VisualProperties>
<Ambient r="1" g="0.94901960784313721" b="0.89803921568627454" a="1"/>
<Diffuse r="1" g="0.94901960784313721" b="0.89803921568627454" a="1"/>
<Specular r="0.0099999997764825821" g="0.0094901958663089602" b="0.0089803919561353383" a="1"/>
<Emissive r="0" g="0" b="0" a="1"/>
<Shininess>1</Shininess>
</VisualProperties>
</Part>
<Part name="Part4" uid="Part4*:*Default" version="222">
<ModelUnits mass="kilogram" length="millimeter"/>
<PartFile name="Part4.SLDPRT" type="SolidWorks Part"/>
<MassProperties>
<Mass>6.1467551494123649</Mass>
<CenterOfMass>0.059396094690530747 -0.033751656642256121 0.024153611919410713</CenterOfMass>
<Inertia>0.0093874664018319936 0.046871644542782712 0.049415259213809917 0.00059332931731668332 0.0013741991896657024 -0.0017270099055091861</Inertia>
</MassProperties>
<GeometryFile name="Part4_Default_sldprt.STEP" type="STEP"/>
<VisualProperties>
<Ambient r="1" g="0.94901960784313721" b="0.89803921568627454" a="1"/>
<Diffuse r="1" g="0.94901960784313721" b="0.89803921568627454" a="1"/>
<Specular r="0.0099999997764825821" g="0.0094901958663089602" b="0.0089803919561353383" a="1"/>
<Emissive r="0" g="0" b="0" a="1"/>
<Shininess>1</Shininess>
</VisualProperties>
</Part>
<Part name="Part5" uid="Part5*:*Default" version="200">
<ModelUnits mass="kilogram" length="millimeter"/>
<PartFile name="Part5.SLDPRT" type="SolidWorks Part"/>
<MassProperties>
<Mass>1.8579780250201647</Mass>
<CenterOfMass>-0.054677054457784785 1.3648597859701426e-06 -1.2812360167226632e-06</CenterOfMass>
<Inertia>0.0014557749057804009 0.0063106176166029026 0.0059624025912834947 6.2312525772416486e-08 -1.7531095535580942e-07 1.8675282949330716e-07</Inertia>
</MassProperties>
<GeometryFile name="Part5_Default_sldprt.STEP" type="STEP"/>
<VisualProperties>
<Ambient r="1" g="0.94901960784313721" b="0.89803921568627454" a="1"/>
<Diffuse r="1" g="0.94901960784313721" b="0.89803921568627454" a="1"/>
<Specular r="0.0099999997764825821" g="0.0094901958663089602" b="0.0089803919561353383" a="1"/>
<Emissive r="0" g="0" b="0" a="1"/>
<Shininess>1</Shininess>
</VisualProperties>
</Part>
<Part name="Part6" uid="Part6*:*Default" version="166">
<ModelUnits mass="kilogram" length="millimeter"/>
<PartFile name="Part6.SLDPRT" type="SolidWorks Part"/>
<MassProperties>
<Mass>1.1831774984587158</Mass>
<CenterOfMass>0.060761784374825926 0 0</CenterOfMass>
<Inertia>0.00090606751512104053 0.0023844975882698805 0.0024118191805434824 0 0 0</Inertia>
</MassProperties>
<GeometryFile name="Part6_Default_sldprt.STEP" type="STEP"/>
<VisualProperties>
<Ambient r="1" g="0.94901960784313721" b="0.89803921568627454" a="1"/>
<Diffuse r="1" g="0.94901960784313721" b="0.89803921568627454" a="1"/>
<Specular r="0.0099999997764825821" g="0.0094901958663089602" b="0.0089803919561353383" a="1"/>
<Emissive r="0" g="0" b="0" a="1"/>
<Shininess>1</Shininess>
</VisualProperties>
</Part>
</Parts>
</SimscapeMultibodyImportXML>
