% -------------------------------------------------------------------
%  Generated by MATLAB on 22-Jun-2025 14:31:59
%  MATLAB version: 9.6.0.1072779 (R2019a)
% -------------------------------------------------------------------
                                                      

Ts = 0.001;

dFilt = [1 -0.1202];

nFilt = [0.4399 0.4399];

smiData = struct;
smiData.RigidTransform = struct;
smiData.RigidTransform(1).translation = ...
  [0 -3.3306690738754696E-13 99.999999999999972];
smiData.RigidTransform(1).angle = 3.1415926535897896;
smiData.RigidTransform(1).axis = [-1 -0 -0];
smiData.RigidTransform(1).ID = 'B[Part1-1:-:Part2-1]';
smiData.RigidTransform(2).translation = ...
  [3.8344285583997522 -2.9964919434632975E-12 -136.22422760428654];
smiData.RigidTransform(2).angle = 3.1415926535897896;
smiData.RigidTransform(2).axis = [1 -6.0674281602036958E-30 -3.4920490431020576E-15 ...
                                  ];
smiData.RigidTransform(2).ID = 'F[Part1-1:-:Part2-1]';
smiData.RigidTransform(3).translation = ...
  [153.83442855840036 0 3.775772395710808];
smiData.RigidTransform(3).angle = 2.0943951023931935;
smiData.RigidTransform(3).axis = [0.57735026918962506 -0.57735026918962506 ...
                                  0.57735026918962717];
smiData.RigidTransform(3).ID = 'B[Part2-1:-:Part3-1]';
smiData.RigidTransform(4).translation = ...
  [-5.1177959572355957E-14 1.0031234150307467E-13 1.5586778606302203E-14 ...
   ];
smiData.RigidTransform(4).angle = 3.1415926535897931;
smiData.RigidTransform(4).axis = [1 -2.4990916880157589E-32 -1.6296296835936098E-16 ...
                                  ];
smiData.RigidTransform(4).ID = 'F[Part2-1:-:Part3-1]';
smiData.RigidTransform(5).translation = ...
  [350.00000000000011 -1.1102230246251565E-13 -1.1102230246251565E-13];
smiData.RigidTransform(5).angle = 3.1415926535897896;
smiData.RigidTransform(5).axis = [-1 -0 -0];
smiData.RigidTransform(5).ID = 'B[Part3-1:-:Part4-1]';
smiData.RigidTransform(6).translation = ...
  [3.0158255256513017E-15 -7.96230175947969E-13 2.2990258089653689E-12];
smiData.RigidTransform(6).angle = 3.1415926535897913;
smiData.RigidTransform(6).axis = [1 5.2538919549111123E-30 5.1318173208003455E-15 ...
                                  ];
smiData.RigidTransform(6).ID = 'F[Part3-1:-:Part4-1]';
smiData.RigidTransform(7).translation = ...
  [224.99999999999974 10.000000000001563 38.000000000001613];
smiData.RigidTransform(7).angle = 2.0943951023931953;
smiData.RigidTransform(7).axis = [0.57735026918962185 0.57735026918962584 ...
                                  0.57735026918962973];
smiData.RigidTransform(7).ID = 'B[Part4-1:-:Part5-1]';
smiData.RigidTransform(8).translation = ...
  [-132.32130096497485 10.000000000000071 38.000000000000028];
smiData.RigidTransform(8).angle = 2.0943951023931957;
smiData.RigidTransform(8).axis = [0.57735026918962551 0.57735026918962573 ...
                                  0.57735026918962606];
smiData.RigidTransform(8).ID = 'F[Part4-1:-:Part5-1]';
smiData.RigidTransform(9).translation = ...
  [0 0 -22.500000000000021];
smiData.RigidTransform(9).angle = 0;
smiData.RigidTransform(9).axis = [0 0 0];
smiData.RigidTransform(9).ID = 'B[Part5-1:-:Part6-1]';
smiData.RigidTransform(10).translation = ...
  [-3.5216274341109965E-13 -1.3500311979441904E-13 -22.500000000000721];
smiData.RigidTransform(10).angle = 6.4414466326966181E-15;
smiData.RigidTransform(10).axis = [-0.98008347378049354 0.19858596229935485 ...
                                   -6.2685201932737583E-16];
smiData.RigidTransform(10).ID = 'F[Part5-1:-:Part6-1]';
smiData.RigidTransform(11).translation = ...
  [-120.35366154334243 284.372904523339 348.54878936852083];
smiData.RigidTransform(11).angle = 0;
smiData.RigidTransform(11).axis = [0 0 0];
smiData.RigidTransform(11).ID = 'RootGround[Part1-1]';
smiData.Solid = struct;
smiData.Solid(1).mass = 3.6250899261879055;
smiData.Solid(1).CoM = [140.7896488356042 -8.112989936818181 -35.326616919933088 ...
                        ];
smiData.Solid(1).MoI = [2419.8169993770589 69621.258744995634 70940.216978115233 ...
                        ];
smiData.Solid(1).PoI = [123.56847629864512 -236.54903932673832 667.2301610624063 ...
                        ];
smiData.Solid(1).color = [1 0.94901960784313721 0.89803921568627454];
smiData.Solid(1).opacity = 1;
smiData.Solid(1).ID = 'Part3*:*Default';
smiData.Solid(2).mass = 9.0967212861407756;
smiData.Solid(2).CoM = [61.719984494038243 2.8173345906665457 -73.72376877781366 ...
                        ];
smiData.Solid(2).MoI = [47189.721563482919 93492.327864720282 63778.286615628123 ...
                        ];
smiData.Solid(2).PoI = [-1645.6886131436027 -35993.601146095076 -1866.9080496434713 ...
                        ];
smiData.Solid(2).color = [1 0.94901960784313721 0.89803921568627454];
smiData.Solid(2).opacity = 1;
smiData.Solid(2).ID = 'Part2*:*Default';
smiData.Solid(3).mass = 6.1467551494123649;
smiData.Solid(3).CoM = [59.396094690530745 -33.751656642256123 24.153611919410714 ...
                        ];
smiData.Solid(3).MoI = [9387.4664018319927 46871.644542782713 49415.259213809921 ...
                        ];
smiData.Solid(3).PoI = [593.32931731668327 1374.1991896657023 -1727.0099055091862 ...
                        ];
smiData.Solid(3).color = [1 0.94901960784313721 0.89803921568627454];
smiData.Solid(3).opacity = 1;
smiData.Solid(3).ID = 'Part4*:*Default';
smiData.Solid(4).mass = 1.8579780250201647;
smiData.Solid(4).CoM = [-54.677054457784784 0.0013648597859701427 -0.0012812360167226632 ...
                        ];
smiData.Solid(4).MoI = [1455.774905780401 6310.6176166029027 5962.402591283495 ...
                        ];
smiData.Solid(4).PoI = [0.062312525772416485 -0.17531095535580943 0.18675282949330715 ...
                        ];
smiData.Solid(4).color = [1 0.94901960784313721 0.89803921568627454];
smiData.Solid(4).opacity = 1;
smiData.Solid(4).ID = 'Part5*:*Default';
smiData.Solid(5).mass = 1.1831774984587158;
smiData.Solid(5).CoM = [60.761784374825929 0 0];
smiData.Solid(5).MoI = [906.06751512104051 2384.4975882698805 2411.8191805434826 ...
                        ];
smiData.Solid(5).PoI = [0 0 0];
smiData.Solid(5).color = [1 0.94901960784313721 0.89803921568627454];
smiData.Solid(5).opacity = 1;
smiData.Solid(5).ID = 'Part6*:*Default';
smiData.Solid(6).mass = 21.265207729440611;
smiData.Solid(6).CoM = [0.12458060021776907 0.1245806002176464 36.166996010103084 ...
                        ];
smiData.Solid(6).MoI = [131064.89208371891 131064.89208371875 241299.56498363125 ...
                        ];
smiData.Solid(6).PoI = [-56.5110541219264 -56.511054121531814 0.26903749305839969 ...
                        ];
smiData.Solid(6).color = [1 0.94901960784313721 0.89803921568627454];
smiData.Solid(6).opacity = 1;
smiData.Solid(6).ID = 'Part1*:*Default';
smiData.RevoluteJoint = struct;
smiData.RevoluteJoint(1).Rz = struct;
smiData.RevoluteJoint(1).Rz.Pos = -172.11977037342373;
smiData.RevoluteJoint(1).ID = '[Part1-1:-:Part2-1]';
smiData.RevoluteJoint(2).Rz = struct;
smiData.RevoluteJoint(2).Rz.Pos = 27.030041544767574;
smiData.RevoluteJoint(2).ID = '[Part2-1:-:Part3-1]';
smiData.RevoluteJoint(3).Rz = struct;
smiData.RevoluteJoint(3).Rz.Pos = -118.6917813375921;
smiData.RevoluteJoint(3).ID = '[Part3-1:-:Part4-1]';
smiData.RevoluteJoint(4).Rz = struct;
smiData.RevoluteJoint(4).Rz.Pos = 25.871478601524021;
smiData.RevoluteJoint(4).ID = '[Part5-1:-:Part6-1]';

